gen2 = sqrt(2);
jc0 = prod(1:0);
jc1 = prod(1:1);
jc4 = prod(1:4);
pi01 = (2*gen2/9801)*((jc0*1103)/((jc0^4)*396^0));
pi11 = (2*gen2/9801)*(((jc0*1103)/((jc0^4)*396^0))+(jc4*(1103+26390)/((jc1^4)*396^4)));
pi0 = 1/pi01;
pi1 = 1/pi11;
pi0
pi1



