matrix=zeros(5,6);
matrix(3,:)=1:6;
matrix(4,:)=0:2:10;
>> matrix(5,:)=[8,7,2,5,9,1];
>> matrix(:,6)=1

matrix =

     0     0     0     0     0     1
     0     0     0     0     0     1
     1     2     3     4     5     1
     0     2     4     6     8     1
     8     7     2     5     9     1
