M(1:5,6) = 1; M(3:end,1:end-1) = [(1:5);(0:2:8);8,7,2,5,9]