pai1=9801/[2*2^0.5*1103]
pai2=9801/[2*2^0.5*(1103+4*3*2*1*(1103+26390)/(396^4))]
mat1=zeros(5,6)
mat1(:,6)=1
mat1(3,1:5)=1:5
mat1(4,1:5)=0:2:8
mat1(5,1)=8
mat1(5,2)=7
mat1(5,3)=2
mat1(5,4)=5
mat1(5,5)=9