format long
pik_0=1/(2*2^0.5/9801*(1103/1))
wucha_0=pik_0-pi
pik_1=1/(2*2^0.5/9801*(1103/1+(4*3*2*1*(1103+26390))/396^4))
wucha_1=pik_1-pi