mat1(1:5,6)=1;
mat1(3,1:end-1)=(1:5);
mat1(4,1:end-1)=0:2:8;
mat1(5,1:end-1)=[8,7,2,5,9]

