format long;
pai_0=1/(2*2^0.5/9801*1103/396^0)
pai_1=1/(2*2^0.5/9801*((24*(1103+26390*1)/396^4)+(1103/396^0)))
pi